  d357ed7f  da4ed7ca  4163  5537    36,    144    36,     39    36,     34    36,     34    36,     39    36,     36    36,     74    36,     32    36,     35    36,     36    36,     36    36,     35    36,     37    36,     36    36,     38    36,     40    36,     70    36,  20074    36,    249    36,    462    36,    372    36,    558    36,    469    36,    819    36,    326    36,    383    36,    425    36,  17161    36,  23238    36,  20982    36,  23915    36,  20514    36,  20110    36,  19936    36,  21578    36,  20138    36,  20621    36,  21211    36,  20858    36,  19900    36
  da4ed7ca  d357ed7f  5537  4163  1138,    370  1386,    480  1386,    348  1392,    466  1134,    599  1386,    794  1388,    332  1390,    391  1390,    299  1136,  17165  1136,  22751  1390,  21011  1390,  24349  1134,  20556  1388,  20108  1388,  19908  1388,  21568  1390,  20154  1388,  20530  1138,  16278    52,   5053  1388,  20817  1392,  19919  1392,  19900  1392
  d357ed7f  da4ed7ca  4163  5537    36,    106    36,     53    36,     37    36,     36    36,     34    36,     36    36,     35    36,     78    36,     35    36,     34    56,     35    56,     36    56,  19872    36,     83    36,    340    36,    514    36,    362    36,    764    36,    347    36,    354    36,    469    36,  18377    36,    112    36,  19863    36,  20509    36,  19990    36,  20768    36
  d357ed7f  da4ed7ca  4163  5537    36,     87    36,     61    36,     34    80,     33    79,     34    80,     34    80,     33    80,     34    80,     33    80,  21633    36,    160    36,    401    36,  19232    36,    840    36,   1257    36,  19183    36,    309    36,   1231    36,  22778    36,    355    36,     75    36,  19460    36,  20115    36,  20146    36,  26275    36,  20222    36,  19870    36,  20041    36,  19673    36,  20042    36,  19971    36
  da4ed7ca  d357ed7f  5537  4163  1388,    256  1392,    504  1392,  19171  1390,    880  1392,    958  1140,  19402  1388,    383  1388,   1257  1390,  22171  1392,    688  1390,    126  1140,  19469  1392,  20178  1392,  20177  1390,  20139  1138,  26344  1388,  19914  1386,  20013  1388,  19020    52,    715  1392,  19994  1388,  19866  1136,  19931  1386
  d357ed7f  da4ed7ca  4163  5537    36, 190504    36,     91    36,     47    36,     34    36,     34    36,     35    36,     57    36,  21362    36,    102    36,    152    36,    544    36,    367    36,    767    36,    417    36,  18707    36,   2374    38,    239    36,  17686    36,  20092    36,  20899    36
  d357ed7f  da4ed7ca  4163  5537    38,   8906    38, 145267    38,   4681    38,  23695    38,    162    38,     39    38,     34    38,     34    38,     35    38,     60    38,     35    38,     35    38,     34    38,     35    38,     34    38,     33    38,     50    38,     58    38,     33    38,     34    38,     35    38,     33    89,     35    89,     37    89
  d357ed7f  da4ed7ca  4163  5537    38,    795    38,  19970    38,    378    38,    617    38,   1518    38,  42752    38,    104    38,     56    38,     36    38,     48    38,     36    38,     60    38,     64    38,     35    38,     77    38,     37    38,     39    38,     37    38,     36    38,     41    38,     35    38,     34    38,     34    38,     35    38,     33    38,     33    38,  70113    38,    211    38,  30189    38,    262    38,    407    38,   1554    38,  42589    38,    187    38,    553    38,  74477    38,    237    38
  d357ed7f  da4ed7ca  4163  5537    38,    225    38,     92    38,  50593    38,  86800    38,    324    38,  24867    38,    205    38,    527    38,  47947    38,  27668    38,     95    38,     53    38,     41    38,     38    38,     35    38,     38    38,     32    38,     32    38,  59040    38,    237    38
  d357ed7f  da4ed7ca  4163  5537    38,  74821    38,  32050    38,   3796    38,  52041    38,  69083    38,  25025    38,   2293    38,  18557    36,    108    38,     55    38,     37    38,     32    38,     37    38,     53    38,     61    38,     34    38,     41    38,     42    38,     33    38,     33    38,     41    38,     66    38,     31    38,     34    38,     43    38,     35    38,     37    38,     37    38,     45    38,     78    38,     36    38,     40    38,     41    38,     39    38,     37   100,    436   100,    281   100,    316   100,    254   100
  d357ed7f  da4ed7ca  4163  5537    36,     92    36,  22000    38,    217    38,  20192    38,    409    38,  23585    38,    104    38,  20658    38,   1045    38,  20276    38,    317    38,  21071    38,    338    38,  20589    38,    218    38,  19854    38,    243    38,  20267    38,    250    38,  20227    38,    254    38,  21233    38,    284    38,  19731    38,    266    38,  19775    38,    289    38,  20681    38,    404    38
  da4ed7ca  d357ed7f  5537  4163  1392,    366  1386,  20489  1392,    330  1390,  22040  1388,    405  1390,  21918  1390,   1080  1388,  20122  1134,    452  1134,  21072  1388,    351  1392,  20490  1136,    381  1388,  19741  1388,    352  1386,  20082  1138,    405  1388,  20187  1386,    381  1386,  20952  1390,    304  1140,  19826  1392,    286  1140,  19825  1390,    394  1392,  20474  1392,    552  1388,  20240  1386
  d357ed7f  da4ed7ca  4163  5537    38,  20034    38,  20144    38,  20461    38,  19931    38,  20934    38,  20859    38,  19988    38,  19919    38,  21588    38,    105    38,     62    38,     54    38,     49    38,     70    38,     76    38,     49    38,     53    38,     50    38,     87    38,    128    38,     51    38,     53    38,     49    38,     49    38,     54    38,     50    38,    104    38,    158    38,     52    38,     53    38,     95    38,     76    38,     59    38,     54    38,     49    38,     56    38,     59    38,     71    38,     81    38,     51    38,     51    38,     53    38,     46    38,     50    38,     52    38,     52    38,    119    38,     91    38,     55    38,     53    38,     53    38,     51    38,     54    38,     49    38,     50    38,     51    38,   1794   105,    249    88,     50    88,     96    38,  15349    38
  d357ed7f  da4ed7ca  4163  5537    38,     43    38,     35    38,     35    38,     38    38,     41    38,     38    38,     38    38,     37    38,     36    38,     40    38,     37    38,     43    38,     39    38,     41    38,     38    38,     40    38,     37    38,     43    38,    109    38,     40    38,     39    38,     57    38,     41    38,     41    38,     38    38,     42    38,     41    38,     39    38,     41    38,     38    38,     39    38,     39    38,     36    38,     40    38,     38    38,     38    38,     38    38,     37    38,     39    38,     37    38,     38    38,     40    38,    125    38,     36    38,     32    38,     32    38,     33    38,     40    38,     42    38,     48    88,     42    88,  18735    38,    950    38,    377    38,    338    38,    702    38,    422    38,    674    38,    825    38,    372    38,    722    38,   4229    38
  d357ed7f  da4ed7ca  4163  5537    38,     54    38,     26    38,     25    38,     31   105,     36    88,     25    88,  81267    38,    275    38,   4759    38,    422    38,  14696    38,   5866    38,    285    38,    626    38,  13281    38,   5688    38,   1697    38,    367    38,  12445    38,   5681    38,   6241    38,    527    38,   7753    38,  12253    38
  d357ed7f  da4ed7ca  4163  5537    38,    106    38,  20380    38,    117    38,  20052    38,    952    38,  19678    38,    204    38,  20331    38,    233    38,  20738    38,     87    38,  20168    38,    742    38,  19468    38,    331    38,  20012    38,    302    38,  19825    38,    689    38,  19872    38,    204    38,  19867    38,    968    38,  19980    38,   3182    38,  18511    38,   1144    38,  19998    38
  da4ed7ca  d357ed7f  5537  4163  1136,    125  1386,  20083  1388,   1038  1392,  19549  1392,    360  1390,  20158  1138,    386  1386,  20637  1388,      3  1388,  20077  1390,    889  1138,  19465  1392,    485  1390,  19897  1386,    319  1388,  19702  1386,    730  1140,  19915  1388,    331  1388,  19723  1386,   1084  1386,  19884  1392,   3110  1136,  18542  1392,   1238  1390,  19960  1392,  20431  1390
  d357ed7f  da4ed7ca  4163  5537    38,  19687    38,  22869    38,  21232    38,  20004    38,  19915    38,  21098    38,  20330    38,  21013    38,  20429    38,   3794    38,     81    38,     38    38,     36    38,     33    38,     35    38,     33    38,     77    38,     62    38,     34    38,     34    38,     34    38,     35    38,     36    38,     61    38,     37    38,     38    38,     36    38,     36    38,     37    38,     36    38,     35    38,     35    38,     34    38,     35    38,     36    38,     37    38,     38    38,     37    38,     35    38,     36    38,     35    38,     35    38,     36    38,     40    38,     38    38,     38    38,     38    38,     56    38,     47    38,     92    38,     38    38,     43    38,     35    38,     47    80,     50    79,     42    80,     41    80,     45    80,     38    80,     40    80,  15772    38
  d357ed7f  da4ed7ca  4163  5537    38,    111    38,     39    38,     32    38,     31    38,  20400    38,    198    38,    579    38,    440    38,    669    38,  18540    38,    248    38,    501    38,    500    38,   1525    38,  17551    38,    186    38,  19839    38,  19890    38,  20781    38,  20378    38,  19956    38,  19891    38,  19866    38
  d357ed7f  da4ed7ca  4163  5537    38,     68    38,     39    38,     34    38,     36    38,     33    38,     52    38,     35    38,     38    38,     32    38,     32    38,     31    38,     32    38,     32    38,     31    38,     31    38,     31    38,     32    38,     30    38,     31    38,     32    38,     41    38,  10447   100,   9148    38,    217    38,    501    38,    544    38,    507    38,    304    38,    403    38,    385    38,    298    38,    404    38,    653    38,  21235    38,  20016    38,  19862    38,  20524    38
  d357ed7f  da4ed7ca  4163  5537    38,     88    38,     34    38,     34    38,     34    38,  19825    38,    316    38,    986    38,    315    38,    389    38,  18754    38,    666    38,   3810    38,    455    38,    692    38,  14571    38,    256    38,   4077    38,    327    38,    636    38,  15316    38,    333    38,   3604    38,    282    38,   1452    38,  16187    36,    856    36,   7230    36,   1029    36,     75    36,  12090    36,   7707    36,  12771    36,  20891    36,  20220    36,  19929    36,  20015    36
  da4ed7ca  d357ed7f  5537  4163  1138,    396  1388,   1015  1390,    320  1392,    393  1386,  18670  1386,    294  1140,   4222  1386,    475  1388,    712  1390,  14459  1386,    345  1386,   4027  1140,    432  1392,    510  1390,  15337  1386,    418  1388,   3501  1392,    324  1138,   1478  1390,  16073  1390,    926  1388,   7226  1392,   1057  1388,      4  1140,  12023  1390,   7781  1390,  12787  1138,  20891  1390,  20252  1386,  19878  1386,  19936  1390
  d357ed7f  da4ed7ca  4163  5537    36,     86    36,     38    36,     35    36,     36    36,     36    36,     38    36,     97    36,     38    36,     37    36,     36    36,     36    36,     36    36,     37    36,     37    36,     35    36,     36    36,     37    36,     36    36,     38    36,     35    36,     35    36,     36    36,     35    36,     37    36,     35    36,     36    36,     36    36,     35    36,     36    36,     35    36,     35    36,     36    36,     92    36,     34    36,     31    36,     33    36,     32    36,     32    36,     34    36,     39    36,     35    36,     35    36,  18484    36,    372    36,    293    36,    502    36,    482    36,    436    36,    510    36,    413    36,    550    36,    361    36,    736    36,  20584    36
  d357ed7f  da4ed7ca  4163  5537    38,    445    38,     64    38,     36    38,     37    36,     32    36,     34    36,     32    36,     31    36,     32    36,     31    36,     31    36,     32    36,     31    36,     31    36,     33    80,     32    79,     32    80,     31    80,     33    80,     75    80,     34    80,     56    85,     34    85,  19059    36,    322    36,    325    36,    786    36,    460    36,    643    36,    156    36,    177    36,    854    36,    372    36,    662    36,  21541    36,  25485    36,  19848    36,  20336    36,  20975    36,  19992    36
  d357ed7f  da4ed7ca  4163  5537    36,  20173    36,  20494    36,  21493    36,  22715    36,  20145    36,  20074    36,  19860    36,  19967    36,  18421    36,    105    36,     41    36,     38    36,     38    36,     38    36,     35    36,     35    36,     35    36,     92    36,     35    36,     60    36,     34    36,     33    36,     34    36,     33    36,     34    36,     34    36,     34    36,     33    36,     34    36,     34    36,     34    36,     33    36,     34    36,     33    36,     33    36,     34    36,     45    80,     39    79,     39    80,     40    80,     38    80,     39    80,     39    80,     46    91,   4267    36
  d357ed7f  da4ed7ca  4163  5537    36,    108    36,     41    36,     34    36,     37    36,    106    36,     34    36,     38    36,     38    36,     36    36,     36    36,     37    36,     38    36,     54    84,  19675    36,    232    36,    913    36,    357    36,    393    36,    401    36,    772    36,    425    36,    472    36,    451    36,    298    36,  17211    36
  d357ed7f  da4ed7ca  4163  5537    36,     92    36,    274   105,     46   113,     59   105,     37   113,    332   105,     48   113,     57   105,     38   113,     56   105,     38   113,     56   105,     42   113,  34227    36,   1648    36,  35935    36,    252    36,  22013   105,    493   113,  12956    36,    207    36,   8948    90,  22149    32,   4117    36,    410    36,  35732    36,    570    36,  36078    36,  30455   105,    105   113,     39   110,     33   108,  26561   107,     63    90
  d357ed7f  da4ed7ca  4163  5537   122,    133   108, 154402    36,    130    36,     38    36,     34    36,     33    36,     34    36,     33    36,     34    36,     32    36,     34    36,     34    36,     36    36,     34    36,     34    36,     35    36,     36    36,     36    36,     37    36,     38    36,     37    36,     36    36,     36    36,     37    36,     38    36,     37    36,     36    36,     85    36,     34    36,     38    36,     37    36,     37    36,     38    36,     36    36,     37    36,     36    36,     36    36,     37    36,     39    36,     40    36,     40    36,     40    36,     39    36,     37    36,     39    36,     37    36,     37    36,     38    36,     38    36,     41    80,     58    79,     38    80,     78    80,     46    80,     44    80,     41    80,     40   108,     40   110,     39   110,  33335    36,    917    36,    639    36,   1179    36,    103    36,    710    36,     59    36,    995    36,     58    36,    231    36,   1992    36,  31055    36,  21381   105,    158   108
  d357ed7f  da4ed7ca  4163  5537    36,     88    36,     39    36,     34    36,     36    36,     35    36,     34    36,     35    36,     35    36,     35    36,     35    36,     34    36,     36    36,     60    36,     36    36,     38    36,    102    36,     37    36,     36    36,     36    36,     35    36,     35    36,     35    36,     36    36,     38    36,     35    36,     35    36,     37    36,     37    36,     35    36,     40    36,     33    36,     35    36,     33    36,     34    36,     32    36,     35    36,     34    36,     36    36,     35    36,     36    36,     34    36,    118    36,     39    36,     39    36,     32    36,     31    36,     41    36,     37    36,     37    36,  18324    36,    310    36,  15609    36,    309    36,    664    36,    534    36,    380    36,    361    36,    501    36,    620    36,    310    36,   5419    36,  29147    36,  36469    36
  d357ed7f  da4ed7ca  4163  5537    36,     82    36,     40    36,     35    36,     34    36,     34    36,     33    36,     32    36,     37    36,     30    36,     31    36,     30    36,     30    36,     30    36,     31    36,     79    36,     33    36,     33    36,     55    36,     31    36,     32    36,     31    36,     31    36,     31    36,     32    36,     31    36,     30    36,     31    36,     31    36,     32    36,     31    36,     30    36,     31    36,  15509   100,  77380    36,    140    36,    605    36,  13637    36,  20025    36,  20340    36,  16105    36,  18739    36,  20217    36,  16527    36,  18234    36,   6726   110,    490   118,     75   110,  11937    36,   1854   105,     66   113,     41   105,     37   113,     62   105,     38   113,     40   105,     35   113,     39   105,     37   113,     80   105,     38   113,  15215    36,  16584    36
  d357ed7f  da4ed7ca  4163  5537    36,  16124    36,  18204    36,  25714    36,  15662    36,  19785    36,  17677    36,  17553    36,  19886    36,  18862    36,  13130   107,   1947    36,  12438    36,     73   110,     42   110,     33   110,   4492   100,     76   100,     62   100,     33   100,     40   100,     33   102,   3130    36,  15539    36,  16803    36,  15616    36,  18376    36,  22397    36
  d357ed7f  da4ed7ca  4163  5537    36,    107    36,     42    36,    123   101,     50   101,     54   101,     36   101,     82   105,  19993    36,    210    36,  16349    32,   4144    36,    228    36,  20107    36,   1397    36,  18964    36,  20196    36,  20149    36,  19857    36,  20963    36,  19852    36,  64908   105,    186   105,     68   105
  d357ed7f  da4ed7ca  4163  5537    36,  21188    36,  19987    36,  20065    36,  20126    36,  21309    36,  20165    36,  20437    36,  19875    36,  31691    36,    102    36,     38    36,     36    36,     33    36,     34    36,     35    36,     35    36,     56    36,     34    36,     33    36,     34    36,     35    36,   1220    80,     82    79,     58    80,     35    80,     34    80,     34    80,     35    80,  18992    36,    278    36,  21691    36
  d357ed7f  da4ed7ca  4163  5537    36,     92    36,     38    36,  20167    36,    235    36,    467    36,  19207    36,    826    36,    371    36,  19835    36,    197    36,    554    36,  19299    36,   2160    36,    432    36,  17431    36,   2793    36,     59    36,  17065    36,   2730    36,    495    36,  16780    36,  20646    36,  20401    36
  da4ed7ca  d357ed7f  5537  4163  1390,    362  1140,    474  1388,  19131  1388,    883  1390,    427  1388,  19634  1388,    400  1386,    428  1392,  19340  1138,   2179  1392,    409  1390,  17373  1386,   2902  1390,     82  1386,  16966  1386,   2792  1390,    424  1136,  16790  1386,  20650  1388,  20359  1390
  d357ed7f  da4ed7ca  4163  5537    36,    104    36,     41    36,     35    36,     35    36,     33    36,     38    36,     32    36,     32    36,     35    36,     32    36,     33    36,     32    36,     32    36,     32    36,     33    36,     33    36,    103    36,     34    36,     58    36,     34    36,     33    36,     34    36,     34    36,     34    36,     35    36,     33    36,     33    36,     36    36,     34    36,  21349    36,    261    36,    329    36,    343    36,    493    36,    279    36,    578    36,    586    36,    505    36,    319    36,    469    36,  17933    36,  22201    36,  19908    36,  19908    36,  20018    36,  19972    36,  22732    36,  19988    36,  20051    36
  d357ed7f  da4ed7ca  4163  5537    36,     80    36,     49    36,     50    36,     36    36,  20227    36,    232    36,    465    36,    298    36,    541    36,  18825    36,    246    36,    785    36,    444    36,    769    36,  19110    36,    390    36,    599    36,    431    36,    793    36,  17938    36,  20608    36,  21220    36,  21961    36,  20088    36,  19950    36,  20011    36,  22404    36,  20025    36,  20444    36,  19942    36
  da4ed7ca  d357ed7f  5537  4163  1390,    444  1392,    457  1386,    303  1134,    537  1388,  18762  1386,    352  1386,    726  1386,    507  1390,    652  1140,  19110  1388,    473  1388,    492  1392,    565  1390,    761  1390,  17825  1140,  20642  1390,  21180  1136,  21993  1388,  20079  1388,  19965  1392,  20027  1388,  22352  1386,  19961  1134,  20535  1390,  19941  1392,  21390  1386
  d357ed7f  da4ed7ca  4163  5537    36,  19957    36,  20714    36,  20964    36,  21188    36,  19903    36,  85990    36,     85    36,     36    36,     36    36,     35    36,     33    36,     34    36,     33    36,     33    36,     32    36,     33    36,     35    36,     35    36,     54    36,     33    36,     40    36,     42    36,     57    36,     33    36,     33    36,     55    36,     31    36,     34    36,     32    36,     33    36,     34   103,     32   103,     31   103,  19215    36,    196    36,    379    36,    518    36,  19373    36,  12557    36,  33607    36,  18425    36
  d357ed7f  da4ed7ca  4163  5537    36,    163    36,     40    36,  20929    36,    279    36,    681    36,  20003    36,    250    36,    625    36,  19198    36,    301    36,    677    36,  19451    36,   1301    36,    134    36,  20271    36,   1530    36,  19996    36,  20372    36,  22320    36,  20115    36,  19758    36,  20742    36,  20039    36,  19894    36,  20775    36
  da4ed7ca  d357ed7f  5537  4163  1390,    400  1386,    637  1390,  20023  1390,    318  1392,    618  1392,  19130  1390,    416  1386,    528  1134,  19511  1392,   1242  1388,      4  1388,  19985  1390,   2002  1392,  20004  1388,  20137  1388,  21897  1392,  14632    52,   6165  1386,  19755  1136,  20712  1386,  19995  1388,  19914  1390,  20799  1386,  20059  1134
  d357ed7f  da4ed7ca  4163  5537    36,     87    36,     37    36,     34    36,     51    36,     38    36,     31    36,     33    36,     31    36,     33    80,     31    79,     31    80,     32    80,     32    80,     32    80,     32    80,  19731    36,    182    36,    391    36,    720    36,    756    36,    256    36,    788    36,  11186   107,   7736    36,    199    36,    132    36,    878    36,  18672    36,   1628    36
  d357ed7f  da4ed7ca  4163  5537    36,    122    36,     41    36,  20297    36,    963    36,    172    36,  19797    36,   1187    36,    238    36,  19853    36,    190    36,    268    36,  19910    36,    381    36,   1242    36,  19112    36,    261    36,    781    36,  19132    36,    212    36,    550    36,  19500    36,    213    36,    594    36,  19220    36,    293    36,   1862    36,  19823    36,    137    36,    505    36,  19331    36,  22560    36,  20093    36,  20302    36
  da4ed7ca  d357ed7f  5537  4163  1388,   1052  1386,      3  1386,  19873  1392,   1254  1390,    399  1390,  19663  1392,    373  1392,    265  1388,  19729  1140,    528  1386,   1232  1392,  18989  1390,    409  1388,    756  1392,  19015  1138,    393  1390,    494  1386,  19391  1386,    340  1392,    544  1388,  19132  1136,    438  1390,   1850  1386,  19730  1388,    206  1392,    504  1388,  19145  1140,  22694  1386,  20107  1390,  20211  1388
  d357ed7f  da4ed7ca  4163  5537    36,     66    36,     35    36,     35    36,     39    36,     35    36,     35    36,     53    36,     38    36,     31    36,     31    36,  16189   100,   4311    36,    196    36,    411    36,    469    36,    526    36,    532    36,    586    36,    468    36,   2905    36,   1159    36,    352    36,  16184    36,  23031    36,  22752    36,  21202    36,  26125    36,  20606    36,  20234    36
  d357ed7f  da4ed7ca  4163  5537    36,     85    36,     40    36,     35    36,     34    36,     32    36,     39    36,     32    36,     31    36,     32    36,     32    36,     31    36,     32    36,     32    36,     32    36,     33    36,     41    36,     73    36,     34    36,     55    36,     31    36,     32    36,     32    36,     32    36,     32    36,     33    36,     31    36,     31    36,     30    36,  21446    36,    198    36,    428    36,    340    36,    602    36,    270    36,    663    36,    310    36,   1251    36,    215    36,    751    36,    695    36,    399    36,    293    36,    328    36,  13978    36,   6959    36
  d357ed7f  da4ed7ca  4163  5537    36,     93    36,     37    36,     32    36,     37    36,     31    36,     32    36,     31    36,     33    36,     32    36,     42    52,     48    52,     50    50,  20489    36,    228    36,    622    36,    327    36,    436    36,    493    36,   1718    36,    220    36,  16961    36,    517    36,    505    36,    343    36
  d357ed7f  da4ed7ca  4163  5537    86,     91    80,     38    82,     39    79,     52    82,     38    79,     51    82,     37    79,     51    82,     39    79,     51    82,     37    79,     51    82,     37    79,     51    82,     38    79,  46454    96, 203188   107,     73   104,     59   107,     52   104,     62   107,     34   104,     51   107,     34   104,     49   107,     33   104,     49   107,     34   104,     48   107,     35   104,  20367   109,     73    45
  d357ed7f  da4ed7ca  4163  5537   110,  13676   124,    514   107,     71   124,     81   107,     37   124,     74   105,     40   124,     51   107,     34   124,     49   107,     33   118,     49   107,     34   118, 249582   109,    126   107,     62   107,     58   107,     36   118,     51   105,     33   124,     51   107,     33   118,     50   107,     34   118,     48   107,     35   124,     60   107,     79   118
  d357ed7f  da4ed7ca  4163  5537   107,     59   124,     58   107,     53   118,     59   107,     34   118,     53   105,     34   124,     51   107,     33   124,     49   110,     34   118, 249532   110,    116   124,     58   112,     36   118,     50   112,     34   118,     49   110,     34   124,     53   110,     34   124,     50   112,     34   118
  d357ed7f  da4ed7ca  4163  5537   112,    108   118,     59   110,     35   124,     51   110,     34   124,     51   112,     33   118,     50   110,     35   118,     50   112,     34   118, 248468   112,     79   118,     63   110,     35   118,     51   110,     35   124,     50   112,     34   118,     51   110,     34   118,     49   112,     34   118
  d357ed7f  da4ed7ca  4163  5537   112,     99   118,     59   112,     56   118,     56   110,     34   124,     51   110,     36   118,     50   112,     34   118,     48   112,     35   118, 249395   112,     81   118,     58   112,     38   118,     52   112,     37   118,     70   112,     39   118,     53   112,     36   118,     52   110,     37   118
  d357ed7f  da4ed7ca  4163  5537   112,    101   118,     67   112,     56   118,     56   110,     35   124,     50   110,     35   124,     54   112,     35   118,     50   112,     34   118, 248536    45,    111    45,     85   112,     35   118,     52   112,     34   118,     51   110,     34   118,     51   112,     34   118,     50   110,     34   124,    104   110,     35   118
  d357ed7f  da4ed7ca  4163  5537   112,    100   118,     59   112,     56   118,     57   110,     33   124,     50   112,     33   118,     50   112,     35   118,     50   112,     33   118, 248462   112,    108   118,     60   110,     35   118,     52   110,     34   124,     51   112,     34   118,     50   110,     35   118
  d357ed7f  da4ed7ca  4163  5537   112,    109   118,     63   110,     55   124,     57   112,     35   118,     51   110,     35   118,     49   112,     35   118,     49   112,     34   118, 246101    38,     94    38,     40    36,     35    36,     83   112,     38   118,     54   112,     37   118,     53   112,     37   118,     55   110,     36   124,     54   110,     36   124,     54   106,     63   118,  19559    38,  23177    38
  d357ed7f  da4ed7ca  4163  5537   102,    101   102,     46   102,     41   102,     38   102,     76   107,     34   118,     52   107,     33   124,     53   107,     33   118,     49   107,     34   118,     49   107,     33   118,    109   112,     36   118, 224032    36,  23929    38,     83    38,     37    38,     36    38,     35    38,     35    38,     36    38,     35    38,     36    38,     35    38,     34    38,     36    38,     38    38,     36    38,     56    38,     38    38,     39    38,     33    38,     32    38,     32    38,     31    38,     32    38,     32    38,     33    38,     32    38,     74    38,     36    38,     32    38,     39    38,     32    38,     49    38,     33    38,     34    38,     33    38,     36    38,     35    38,     34    38,     34    38,     34    38,     34    38,     35    38,     34    38,     35    38,     34    38,     35    38,     33    38,     36    38,     35    38,     36    36,     38    36,     78   112,     91   118,     55   112,     40   118,     69   112,     34   118,     51   112,     40   118,     54   110,     37   118,     57   112,     41   118,   1626    36,   7046   102,     73   102,     63   102,     61   102,     62   102,     91   102,  10161    38,    272    38,    328    38,   2936    38,   4120    38,   1886    38,  14687    38
  d357ed7f  da4ed7ca  4163  5537    36,  98672   107,     50   118,     58   107,     36   118,     57   107,     34   118,     69   107,     33   118,     50   107,     33   118,     49   107,     34   118,  11511   104,     94   102,     40   104,     53   102,     45   102,     35   102,     36   102,     35   102,     35   102
  d357ed7f  da4ed7ca  4163  5537   107,     68   118,     59   107,     37   118,     55   107,     35   118,     56   107,     37   118,     53   107,     37   118,     53   107,     37   118,  13433   102,     92   102,     42   102,     38   102,     38   102, 160579    36,    116    36,     49    36,     32    36,     32    36,     31    36,     32    36,     31    36,     31    36,  75855   107,     80   118,     71   107,     55   118,     59   107,     33   118,     50   107,     34   118,     49   107,     33   118,     49   107,     34   118
  d357ed7f  da4ed7ca  4163  5537   107,    110   118,     59   107,     34   118,     51   112,     35   118,     50   112,     34   118,     50   112,     33   118,     50   112,     33   118, 243076    45,    114    45,    103   112,     39   118,     56   106,     35   118,     56   112,     35   118,     52   112,     35   118,     52   112,     35   118,     52   106,     35   118
  d357ed7f  da4ed7ca  4163  5537   112,     83   118,     72   106,     36   118,     76   112,     36   118,     52   112,     33   118,     50   106,     34   118,     49   112,     35   118, 254274   112,    104   118,     59   112,     34   118,     50   112,     34   118,     49   112,     33   118,     50   112,     33   118,     52   112,     33   118
  d357ed7f  da4ed7ca  4163  5537   112,     88   118,     65   112,     55   118,     56   112,     33   118,     51   112,     33   118,     51   106,     33   118,     49   112,     34   118, 245393   112,     81   118,     67   112,     55   118,     57   106,     33   118,     50   106,     33   118,     51   112,     34   118,     50   112,     34   118
  d357ed7f  da4ed7ca  4163  5537   112,    108   118,     59   112,     34   118,     50   112,     35   118,     60   112,     37   118,     53   112,     38   118,    251   112,     45   118, 246038   112,     87   118,     68   112,     56   118,     58   112,     33   118,     50   112,     33   118,     50   106,     33   118,     49   112,     34   118
  d357ed7f  da4ed7ca  4163  5537   112,    103   118,     59   112,     34   118,     51   112,     34   118,     56   112,     34   118,     49   110,     33   118,     53   112,     34   118, 247437   106,     97   118,     62   112,     39   118,     57   112,     39   118,    152   112,    323   118,     78   112,     43   118,     52   112,     34   118
  d357ed7f  da4ed7ca  4163  5537   112,    112   118,     63   112,     53   118,     53   112,     33   118,     50   112,     33   118,     50   112,     34   118,     50   112,     33   118,  11327   102,     98   102,     67   102,     52   102,     39   102, 233229   107,    109   118,     62   107,     34   118,     51   107,     34   118,    109   107,     35   118,     75   107,     33   118,     50   112,     35   118
  d357ed7f  da4ed7ca  4163  5537   106,     90   118,     60   112,     37   118,     58   112,     36   118,     54   106,     36   118,     58   106,     36   118,     53   112,     36   118,  17343   102,     79   102,     37   102,     34   102,     35   102,     35   102, 233631    38,     89    38,     37    38,     35    38,     34    38,     35    36,     33    36,     34    36,     38    36,     33    36,     32    36,     33    36,     31    36,     32    45,     31    45,     79   109,     35   120,     52   107,     34   118,     50   107,     33   118,     50   107,     34   118,     60   107,     41   118,     54   107,     42   118,  13088   102,    122   102,     52   102,     36   102,     38   104,     33   102,   6527    38,   2296    38,    101    38
  d357ed7f  da4ed7ca  4163  5537   107,     71   118,     64   107,     54   118,     57   107,     34   118,     50   107,     34   118,     49   109,     34   118,     49   107,     34   118,  17341   102,    101   102,     36   102,     34   102,     32   102,     32   102,  71982   109,     88    45, 161646   107,     80   127,     64   107,     34   127,     50   107,     54   127,     53   107,     33   127,     49   107,     34   127,     48   107,     34   127,  17535   102,     88   102,     45   102,     34   102,     34   102,     39   102
  d357ed7f  da4ed7ca  4163  5537   109,    106   129,     66   107,     35   127,     50   107,     34   127,     50   107,     34   129,     49   107,     33   127,     50   109,     35   129,  13318   102,     77   102, 234950   107,     79   127,     71   107,     35   127,     59   109,     33   129,     51   112,     33   127,     50   112,     34   127,     50   106,     33   129
  d357ed7f  da4ed7ca  4163  5537   106,    115   129,     67   112,     38   129,     55   106,     37   129,     54   106,     37   129,     54   112,     37   127,     54   112,     37   129, 250449   110,     88   127,     54   112,     34   127,     51   112,     34   127,     50   112,     34   129,     56   106,     34   129,     49   112,     33   127
  d357ed7f  da4ed7ca  4163  5537   112,    113   129,     65   106,     36   129,     57   106,     33   129,     50   112,     34   127,     48   106,     35   129,    103   112,     35   127, 250204   112,     76   129,     55   112,     34   129,     62   106,     38   129,     52   106,     40   129,     50   112,     34   127,     52   112,     33   127
  d357ed7f  da4ed7ca  4163  5537   112,     95   127,     62   110,     36   127,     50   110,     34   127,     50   112,     33   127,     50   112,     32   127,     50   112,     33   127, 249348   112,    100   127,     59   112,     56   127,     57   110,     35   127,     51   112,     34   127,     49   110,     33   127,     51   110,     33   127
  d357ed7f  da4ed7ca  4163  5537   112,    112   127,     65   112,     38   127,     54   112,     36   127,     57   112,     37   127,     57   112,     37   127,     54   112,     37   129, 249297    49,     89    47,     38    47,    106   106,     37   129,     54   112,     35   127,     49   112,     33   129,     50   112,     34   127,     50   112,     33   127,     48   106,     33   129
  d357ed7f  da4ed7ca  4163  5537   106,    101   129,     60   112,     57   127,     55   106,     35   129,     50   112,     34   129,     49   106,     33   129,     49   112,     34   127, 250406   112,     84   127,     61   106,    158   129,     61   106,     50   129,     67   106,     38   129,     76   110,     35   127,     56   112,     85   127,     36   102,     36   102,     36   102,     40   102,     36   102
  d357ed7f  da4ed7ca  4163  5537   107,     82   127,     70   107,     55   129,     61   107,     34   127,     56   107,     33   127,     50   107,     34   129,     49   112,     34   127, 249368   112,    251   127,    169   112,     38   127,     53   112,     35   129,     49   112,     35   127,     49   112,     34   127,    110   112,     41   127,     41   104,     38   104,     38   102,     37   104,     36   102,     35   102
  d357ed7f  da4ed7ca  4163  5537   107,     89   127,     63   107,     38   129,    249   107,     46   127,     57   107,     36   129,     55   107,     36   127,     55   107,    373   127,     47   102,     36   104,     35   102,     37   104,     37   104, 252596   107,    112   127,     67   107,     35   127,     51   107,     34   129,     51   107,     34   127,     61   107,     37   127,     55   110,     37   127,     42   102,     33   102,     33   102,     33   102,     32   102,     34   102
  d357ed7f  da4ed7ca  4163  5537   104,     99   102,     39   102,     42   102,     40   102,     43   104,     97   107,     43   127,     52   107,     35   127,     50   107,     34   127,     51   107,     35   127,     50   109,     34   129,     60   107,     74   127, 247128   102,    123   102,     41   104,   1169   107,     61   127,     58   107,     35   127,     51   107,     34   127,     52   107,     33   127,     51   107,     35   127,     61   107,     62   127
  d357ed7f  da4ed7ca  4163  5537   107,     95   127,     65   107,     35   127,     51   107,     34   127,     52   112,     33   127,     49   112,     34   127,     51   112,     34   129, 255300   112,    102   129,     60   112,     36   127,     52   112,     34   127,     50   112,     33   127,     51   112,     34   127,     56   112,     34   127
  d357ed7f  da4ed7ca  4163  5537   112,    153   127,     92   112,     39   127,     54   112,     37   129,     54   112,     56   127,     70   106,     66   129,     71   112,    101   129, 249942    38,    116    38,     38    38,     36    36,     33    36,     37    36,     32    49,     31    47,     36    47,     78   106,     35   129,     55   106,     34   129,     52   112,     34   129,     52   106,     35   129,     50   112,     33   129,     50   112,     35   127
  d357ed7f  da4ed7ca  4163  5537   106,     83   129,     72   112,     56   127,     59   106,     35   129,     51   112,     33   129,     50   112,     33   127,     50   112,     34   129, 243253   110,     91   127,     67   112,     53   127,     59   112,     34   127,     51   110,     33   127,     52   112,     34   127,     51   112,     34   127
  d357ed7f  da4ed7ca  4163  5537   110,    112   127,     62   106,     41   129,    108   110,     63   127,     60   112,     34   127,     53   110,     34   127,    102   112,     35   127, 202921    36,  39318   112,     84   127,     59   112,     37   127,     58   112,     37   127,     58   110,     37   127,     57   112,     39   127,     54   112,     36   127
  d357ed7f  da4ed7ca  4163  5537   110,    108   127,     60   112,     35   127,     52   112,     34   127,     52   106,     33   127,     51   112,     34   127,     55   110,     34   127, 243666   112,     77   127,     61   112,     36   127,     56   112,     36   127,     54   112,     36   127,     53   110,     37   127,     54   110,     36   127,  11310   102,     54   102,     35   102,     33   102,     33   102
  d357ed7f  da4ed7ca  4163  5537   110,     74   127,     62   110,     34   127,     53   110,     34   127,     52   110,     33   127,     50   110,     33   127,     51   110,     34   127,  11515   102,     61   104,     36   102,     35   102,     36   102,     32   102, 243557   107,     92   127,     64   107,     34   127,     52   107,     34   127,     50   107,     33   127,     50   107,     34   127,     64   107,     37   127,   6502   102,     95   102,     48   102,     32   102,     32   102
  d357ed7f  da4ed7ca  4163  5537   107,     58   127,     56   107,     34   127,     51   107,     34   127,     50   107,     34   127,     94   107,     34   127,     74   110,     36   133,  16970   102,     98   102,     34   102,     32   102,     31   104,     31   102, 231628    49,    117    47,     39    47,     88   107,     39   127,     58   107,     38   127,     55   107,     36   127,     57   107,     33   127,     49   107,     33   127,     51   107,     33   127,  17466   102,    126   102,     36   102,     33   102,     34   102,     32   102
  d357ed7f  da4ed7ca  4163  5537   107,    104   127,     61   107,     37   127,     53   107,     36   127,     53   107,     35   127,     54   107,     36   127,     52   107,     77   127,  13074   102,     73   102,     36   102, 248666   107,    222   127,     70   107,     43   127,     61   107,     42   127,     59   112,     36   127,     56   112,     38   127,     60   110,     65   127
  d357ed7f  da4ed7ca  4163  5537   112,     67   127,     69   112,     54   127,     59   112,     35   127,     51   110,     34   127,     51   112,     34   127,     50   112,     33   127, 249296   112,    117   127,     63   112,     35   127,     51   112,     35   127,     51   110,     35   127,     50   112,     33   127,     50   112,     33   127
  d357ed7f  da4ed7ca  4163  5537   112,     69   127,     62   112,     44   127,     54   112,     60   127,     52   110,     33   127,     50   112,     33   127,     50   112,     33   127, 249320   112,     84   127,     55   112,     35   127,     52   112,     34   127,     50   112,     35   127,     50   112,     34   127,     49   112,     34   127
  d357ed7f  da4ed7ca  4163  5537   112,     84   127,     60   112,     54   127,     58   106,     36   129,     53   112,     36   127,     53   112,     34   127,     53   112,     36   127, 256686    36,    128   112,     40   127,     58   112,     36   127,     38   112,     32   127,     38   112,     32   127,     50   112,     34   127,     37   106,     46   129
  d357ed7f  da4ed7ca  4163  5537   110,     85   113,     74   110,     56   113,     57   110,     35   113,     50   110,     35   113,     49   110,     34   113,     49   110,     34   113, 249488   112,    108   115,     61   112,     37   115,     57   112,     36   113,     57   112,     37   115,     52   112,     37   115
  d357ed7f  da4ed7ca  4163  5537    36,  88430    36,     83    36,     39    36,     35    36,     38    36,     33    36,     35    36,     34    36,     33    36,     51    36,     38    36,     34    36,     34    36,     34    36,     34    36,     34    36,     35    36, 140508    36,     99    36,    977    36,     69    36,     48    36,    674    36,   1204    36,     79    36,    653    36,     61    36,    938    36
  da6cf5aa  d357ed7f 14207  4163  1386,      5  1390,    921  1390,      3  1134,      2  1390,    997  1388,    988  1388,      2  1388,    997  1388,      5  1388,    992  1386, 146009  1392,   1055  1392,    936  1386,      3  1390,   1041  1390,    964  1392,      3  1392,    987  1386, 139028  1390,   3253  1388
  d357ed7f  da4ed7ca  4163  5537    36,    778    36,    969    36,     52    36,   1152    36,    820    36,     58    36,    898    36, 139094    36,   3170    36,  54826    36,     78    36,     39    36,     35    36,     54    36,     35    36,     35    36,     35    36,     34    36,     34    36,     34    36,     34    36,     34    36,     34    36,     34    36,     34    36
